441 106
509 97
569 114
560 106
487 103
497 124
425 96
548 122
564 105
563 99
586 102
567 125
491 113
414 114
445 122
436 91
470 119
450 117
542 112
494 122
554 122
536 125
460 91
471 117
494 112
588 126
488 108
557 96
565 101
579 116
450 114
584 117
428 99
510 111
456 126
403 128
550 117
545 125
456 107
591 93
436 117
589 93
595 109
579 114
526 100
407 91
432 123
423 121
469 121
596 129
529 130
555 118
413 120
477 113
410 122
590 113
402 94
498 95
513 122
424 130
567 119
553 119
568 99
436 114
456 115
483 101
404 108
481 107
467 93
568 99
579 123
416 122
408 92
428 111
488 92
574 91
573 122
498 109
570 129
537 113
424 113
569 124
590 110
531 107
441 104
462 103
426 129
446 109
589 130
484 108
546 130
521 112
409 102
570 111
472 126
567 126
594 122
498 117
439 105
545 110
506 122
444 116
584 96
555 91
582 98
478 115
559 127
530 110
477 98
590 128
561 91
489 124
407 115
564 123
532 114
404 100
568 99
400 106
447 120
504 124
471 121
586 115
402 123
538 109
446 109
442 99
571 123
532 107
561 116
506 91
502 129
543 110
515 104
587 95
543 122
565 98
538 121
513 115
543 97
517 120
421 126
478 106
552 111
453 98
407 114
588 90
402 116
422 94
476 94
593 98
441 119
491 118
460 116
511 100
577 115
456 108
507 118
593 96
409 94
587 119
577 108
497 125
599 104
540 123
491 119
434 113
458 90
529 96
564 105
538 126
524 105
478 92
481 106
465 126
517 126
495 103
443 102
502 108
493 114
523 128
507 92
582 94
502 118
505 113
543 103
484 112
465 101
415 96
578 110
584 108
416 119
555 111
425 98
416 121
485 101
474 114
564 102
461 122
414 99
434 105
448 130
533 125
446 113
581 115
461 124
489 93
516 115
410 109
487 91
557 90
532 91
406 94
524 121
502 102
417 98
457 103
482 111
546 90
469 125
508 122
484 100
456 97
525 127
582 120
515 109
445 100
430 111
440 105
584 90
499 103
421 96
464 97
580 94
588 126
536 117
523 114
477 127
467 104
584 102
517 125
542 128
460 96
567 125
438 92
465 115
562 111
487 121
525 90
563 92
437 126
560 125
404 115
515 91
593 90
571 96
454 121
538 123
457 104
561 120
422 94
439 107
495 114
428 127
426 100
569 130
462 121
464 130
506 92
442 96
426 104
575 104
586 125
549 130
479 107
406 130
505 113
548 103
462 122
570 116
492 93
525 129
429 128
416 117
414 98
550 112
501 107
553 113
565 102
562 100
535 104
497 103
568 106
454 107
455 99
540 119
486 109
502 117
484 111
515 130
458 98
461 93
493 113
404 121
439 107
554 95
402 129
580 103
532 118
588 96
572 121
541 95
561 127
441 95
492 112
576 124
475 125
455 104
499 112
547 111
587 118
493 130
484 93
496 101
599 97
581 130
553 128
437 109
433 126
527 122
546 116
566 127
403 127
459 118
464 113
463 110
405 92
450 90
430 115
510 111
524 90
579 112
589 103
454 127
449 112
508 98
488 128
411 116
586 97
530 91
522 90
553 101
569 130
420 116
492 96
554 128
431 121
551 108
483 122
592 125
442 112
422 115
452 98
413 116
427 103
579 99
459 98
432 94
424 108
452 112
576 100
499 112
539 93
452 125
403 113
448 125
577 91
432 122
597 128
545 104
468 123
450 105
580 126
417 112
440 95
493 106
468 109
411 113
546 110
436 109
459 97
480 104
588 110
456 106
490 93
548 100
533 126
477 106
400 95
563 115
537 114
414 112
553 95
477 98
557 100
505 129
585 113
421 91
595 108
553 110
529 115
401 93
405 93
576 105
525 95
513 122
572 90
520 94
417 92
407 111
555 92
502 103
502 126
511 129
509 113
432 96
477 99
561 121
503 119
412 124
515 112
414 129
572 98
465 105
596 126
507 115
579 114
409 99
458 129
471 96
465 116
541 117
538 96
506 128
471 130
567 94
582 98
413 116
401 122
490 112
428 90
421 116
520 105
411 121
441 111
567 109
454 107
491 102
511 114
408 122
593 90
497 96
598 94
424 122
584 108
480 127
498 111
469 97
570 108
422 96
462 92
523 117
428 122
420 102
421 120
549 128
441 116
411 115
521 120
572 116
508 105
436 116
590 97
503 128
591 116
522 121
574 98
504 119
499 106
585 99
563 114
456 123
458 116
555 101
424 121
401 126
581 103
517 117
497 106
512 100
473 96
578 105
430 109
416 116
489 96
503 95
490 123
572 125
535 97
582 121
444 90
445 126
556 117
537 108
566 109
414 101
406 121
576 102
414 90
445 104
461 106
592 90
567 90
548 111
584 116
505 105
472 113
522 90
410 126
492 103
474 117
462 116
471 104
501 113
591 117
562 129
490 100
533 105
468 116
410 117
596 123
444 115
511 127
537 94
435 118
506 112
415 107
523 104
600 114
525 105
510 102
498 114
494 107
403 93
437 111
498 99
484 119
442 128
545 120
452 127
434 117
505 93
539 95
486 126
458 120
580 122
415 120
430 97
401 109
554 112
439 125
481 92
422 95
463 91
572 128
588 103
569 97
410 105
420 93
454 129
584 95
572 107
571 105
591 124
426 109
550 121
406 128
597 124
468 98
414 123
598 90
489 111
467 91
599 93
482 105
474 109
558 101
437 113
485 110
547 91
457 104
421 123
471 116
437 90
595 95
443 108
400 107
509 105
531 108
413 130
415 110
541 118
541 91
401 123
502 100
528 116
413 111
492 91
579 106
429 121
478 117
430 94
544 129
446 114
474 121
483 92
455 121
568 108
585 92
588 122
587 114
558 129
553 96
567 99
503 112
493 114
534 106
580 97
473 116
414 97
482 128
420 102
550 92
451 112
472 103
558 98
598 94
484 114
587 107
446 120
509 91
424 106
407 123
430 91
423 114
472 120
532 113
409 112
524 122
476 108
538 118
500 101
435 93
530 123
561 102
475 105
540 96
497 112
557 95
444 108
404 95
506 96
494 123
578 97
488 127
561 128
588 93
533 92
460 92
419 97
420 118
430 97
596 97
485 127
539 103
524 117
467 104
559 126
576 91
585 113
476 123
594 90
488 95
427 126
497 95
556 102
568 102
469 111
479 99
578 124
455 90
560 107
452 99
431 126
438 116
595 92
555 124
481 97
459 112
422 124
504 102
513 109
524 120
581 99
422 108
493 90
554 124
440 94
547 96
575 109
596 105
438 107
447 94
518 104
520 96
581 109
533 119
560 129
589 94
563 96
452 121
524 119
456 126
575 100
583 130
427 121
474 98
527 121
550 91
483 94
541 98
518 123
439 117
541 94
583 128
526 96
406 90
482 101
561 113
484 115
484 128
425 112
599 126
458 101
591 112
488 90
565 129
563 130
467 104
548 125
557 103
432 90
423 116
488 90
427 130
437 98
475 103
441 117
452 103
512 100
508 104
450 109
466 97
417 129
422 99
417 127
447 108
509 98
498 109
432 115
469 96
523 124
566 100
572 114
456 90
402 110
504 121
405 112
405 126
424 93
531 128
418 117
540 109
532 90
548 120
449 115
442 122
498 109
548 93
557 92
489 107
514 119
575 96
447 113
514 124
567 122
542 102
517 120
416 109
404 122
471 91
471 104
480 91
411 100
502 126
451 108
504 91
414 117
461 119
560 117
458 108
542 127
542 111
470 92
443 119
473 105
512 118
466 107
530 97
406 112
577 119
559 111
428 120
416 113
460 94
430 112
475 90
447 112
429 124
401 93
431 90
414 99
545 112
536 95
446 100
574 126
523 123
439 103
520 123
592 127
589 94
535 92
489 97
592 129
436 130
598 130
470 117
539 114
425 101
472 118
460 111
446 91
422 111
418 104
585 96
588 119
559 92
557 94
409 99
407 125
472 96
485 128
560 107
521 100
504 98
495 124
453 122
595 125
495 116
561 123
445 111
445 124
447 126
516 111
448 105
562 102
560 122
505 109
575 124
443 97
492 90
446 127
575 122
554 122
460 121
569 124
449 99
531 113
496 105
459 96
453 95
458 104
527 102
444 110
446 130
554 99
424 115
510 90
562 97
430 115
540 121
560 97
529 103
522 128
527 109
402 101
598 107
492 94
420 90
529 105
423 114
486 94
542 116
573 110
490 114
477 95
560 124
561 91
577 101
559 107
415 99
596 91
430 117
416 95
477 110
476 96
566 114
473 117
531 126
548 106
522 124
527 96
503 111
555 120
510 130
546 98
430 111
598 95
435 113
520 91
574 96
575 110
485 108
405 98
431 90
421 119
530 102
488 125
574 117
540 126
566 94
453 116
580 114
475 127
420 102
538 90
471 113
506 117
421 127
442 93
477 103
511 91
453 104
553 121
470 130
414 103
416 90
552 90
544 96
452 112
559 121
479 94
592 92
531 91
552 128
590 90
583 118
582 95
542 129
536 118
549 121
580 117
580 98
481 104
545 104
402 110
509 100
493 96
403 90
443 107
580 101
421 122
598 97
457 109
418 98
587 105
519 114
478 97
499 101
575 119
423 118
415 112
453 101
445 104
462 116
441 98
579 115
520 122
464 123
555 118
489 115
499 108
496 107
494 120
524 113